
========================================
 CNN AXI DMA Hardware Test Starting
========================================
AXI DMA initialized successfully.
DMA has MM2S: 1
DMA has S2MM: 1
TX max transfer len: 8388607
RX max transfer len: 8388607
Input buffer addr:  0x001107C0
Output buffer addr: 0x00115460
Requested length:   19602
GPIO initialized successfully.
Input summary:
  IMG_W    = 162
  IMG_H    = 121
  IMG_SIZE = 19602 bytes
  First 16 input values: 88 109 124 149 153 154 165 168 170 171 168 176 167 169 177 173 
  Middle row around edge: 36 107 67 16 25 27 26 28 18 7 10 49 
Before start CNN status = 0x00000004
  ap_done           = 0
  ap_ready          = 0
  ap_idle           = 1
  ap_local_block    = 0
  ap_local_deadlock = 0
Starting S2MM receive DMA...
Pulsing CNN ap_start...
After ap_start pulse CNN status = 0x00000000
  ap_done           = 0
  ap_ready          = 0
  ap_idle           = 0
  ap_local_block    = 0
  ap_local_deadlock = 0
Starting MM2S transmit DMA...
MM2S DMA complete.
S2MM DMA complete.
After DMA complete CNN status = 0x00000004
  ap_done           = 0
  ap_ready          = 0
  ap_idle           = 1
  ap_local_block    = 0
  ap_local_deadlock = 0
After ap_start low CNN status = 0x00000004
  ap_done           = 0
  ap_ready          = 0
  ap_idle           = 1
  ap_local_block    = 0
  ap_local_deadlock = 0
Output summary:
  min              = 0
  max              = 255
  nonzero count    = 14971 / 19602
  >32 count        = 8059 / 19602
  >128 count       = 4035 / 19602
  First 32 output values:
  6 229 236 252 227 244 242 0 1 2 4 8 7 3 2 2 4 5 3 2 1 0 1 1 0 0 0 0 1 2 1 0 
  Middle row output around expected edge:
  11 17 29 28 34 41 33 24 20 23 253 254 251 249 255 3 247 54 18 190 13 238 252 42 
BEGIN_OUTPUT_CSV
6,229,236,252,227,244,242,0,1,2,4,8,7,3,2,2,4,5,3,2,1,0,1,1,0,0,0,0,1,2,1,0,0,0,0,0,0,0,0,0,0,0,0,0,0,1,2,1,0,0,0,0,3,6,8,11,9,3,0,0,1,3,5,5,3,1,0,0,0,0,1,1,0,1,2,1,0,1,3,6,8,8,8,8,9,9,9,10,10,11,12,9,5,6,7,6,5,6,8,7,7,6,3,1,0,1,3,4,3,3,3,3,3,2,2,1,0,0,0,0,0,0,0,0,0,0,0,0,1,1,0,0,2,5,9,12,8,2,0,0,0,0,0,0,0,0,0,0,0,0,0,0,0,0,0,0,0,0,0,2,3,1
47,252,11,20,228,150,195,242,2,2,4,8,9,6,3,3,5,7,5,2,1,2,3,3,3,1,0,0,2,2,1,0,0,0,0,0,0,0,0,0,0,0,0,0,0,2,2,1,0,0,0,0,4,10,17,20,19,10,2,0,1,3,6,7,5,2,0,0,0,0,1,1,2,4,3,1,0,2,4,7,9,11,13,15,16,18,21,21,22,26,27,23,15,12,12,11,10,11,11,11,10,8,5,1,0,1,3,5,6,6,5,5,4,4,2,1,0,0,0,0,0,0,0,0,0,0,0,0,1,1,1,0,2,5,12,15,10,3,0,0,0,0,0,0,0,0,0,0,0,0,0,0,0,0,0,0,0,0,0,2,3,2
117,57,5,38,34,198,135,195,243,2,4,6,8,7,4,5,4,5,6,5,2,3,5,6,6,3,1,0,1,2,2,0,0,0,0,0,0,0,0,0,0,0,0,0,0,1,2,2,0,0,0,0,4,9,15,22,25,19,9,4,3,4,7,8,9,6,3,1,0,0,1,1,2,3,4,3,0,1,3,7,8,11,12,15,15,18,22,24,25,29,31,27,17,14,13,12,11,11,10,11,9,8,5,2,0,1,3,4,6,6,6,5,5,4,3,2,0,0,0,0,0,0,0,0,0,0,0,0,1,1,1,0,2,4,10,13,11,4,0,0,0,0,0,0,0,0,0,0,0,0,0,0,0,0,0,0,0,0,0,2,2,3
223,178,0,255,0,2,195,135,196,242,0,0,0,1,2,2,1,0,1,3,4,5,6,10,11,8,3,0,0,0,0,0,0,0,0,0,0,0,0,0,0,0,0,0,0,0,1,1,0,0,0,0,1,4,6,11,15,19,19,14,9,8,7,8,10,12,11,7,6,7,6,4,5,6,5,2,0,0,0,1,1,2,3,6,7,8,11,14,15,17,18,15,10,7,6,5,4,5,4,3,2,1,0,0,0,0,0,0,1,2,2,1,1,1,1,0,0,0,0,0,0,0,0,0,0,0,0,0,0,0,0,0,0,0,1,1,1,0,0,0,0,0,0,0,0,0,0,0,0,0,0,0,0,0,0,0,0,0,0,0,0,0
226,180,3,0,255,3,4,195,135,197,242,0,0,0,1,1,1,0,1,3,4,5,6,9,10,8,3,1,0,1,1,0,0,0,0,0,0,0,0,0,0,0,0,0,0,0,2,3,2,0,0,0,0,0,0,1,6,13,17,17,13,11,10,10,11,17,18,16,13,14,13,12,10,10,8,3,0,0,0,0,0,0,0,1,1,1,1,2,4,4,4,4,2,0,0,0,0,0,0,0,0,0,0,0,0,0,0,0,0,0,0,0,0,0,0,0,0,0,0,0,0,0,0,0,0,0,0,0,0,0,0,0,0,0,0,0,0,0,0,0,0,0,0,0,0,0,0,0,0,0,0,0,0,0,0,0,0,0,0,0,0,0
227,184,8,5,3,4,6,5,198,173,197,3,4,4,3,1,0,0,0,1,2,3,4,6,7,7,4,1,0,1,1,1,0,0,0,0,0,0,0,0,0,0,0,1,1,0,3,3,2,1,2,3,3,2,1,0,2,5,10,11,11,8,7,7,9,12,16,15,15,17,18,15,13,15,16,13,7,2,0,0,0,0,0,0,0,0,0,0,0,0,0,0,0,0,0,0,0,0,0,0,0,0,0,0,0,0,0,0,0,0,0,0,0,0,0,0,0,0,0,0,0,0,0,0,0,0,0,0,0,0,0,0,0,0,1,2,3,4,2,0,0,1,2,1,0,0,0,0,0,0,0,0,0,0,0,0,0,0,0,0,0,0
228,188,13,10,9,10,13,47,47,209,210,14,13,11,8,6,4,1,0,0,0,0,1,2,2,1,0,0,1,3,2,1,0,0,0,0,0,0,0,0,0,0,0,1,1,1,1,2,3,3,6,9,5,2,1,1,0,0,1,2,3,2,1,1,3,4,8,7,9,11,10,10,9,13,16,18,13,7,4,1,0,0,0,0,0,0,0,0,0,0,0,0,0,0,0,0,0,0,0,0,0,0,0,0,0,0,0,0,0,0,0,0,0,0,0,0,0,0,0,0,0,0,0,0,0,0,0,0,0,0,0,0,0,0,1,4,6,5,4,3,2,4,7,8,7,5,3,1,0,0,0,0,0,0,0,0,0,0,0,0,0,0
8,227,71,72,71,69,70,25,37,24,11,21,20,19,17,13,10,6,2,1,1,0,0,1,5,8,7,5,5,7,8,6,4,3,3,3,5,5,1,0,0,0,0,1,1,1,0,0,1,4,7,8,6,4,1,1,0,0,0,0,0,0,0,0,0,0,0,0,1,3,5,4,3,7,11,14,13,10,5,2,0,0,0,0,0,0,0,0,0,0,0,0,0,0,0,0,0,0,0,0,0,0,0,0,0,0,0,0,0,0,0,0,0,0,0,0,0,0,0,0,0,0,0,0,0,0,0,0,0,0,0,0,0,0,1,3,5,7,6,4,3,7,12,12,10,10,8,5,4,3,1,0,0,0,0,0,0,0,0,0,0,0
221,201,94,96,96,96,93,29,14,27,28,29,26,24,21,18,14,11,5,4,3,2,1,4,7,10,12,13,11,12,14,13,10,9,7,7,12,12,9,5,3,1,0,0,0,0,0,0,1,2,4,5,3,1,0,0,0,0,0,0,0,0,0,0,0,0,0,0,0,0,0,0,0,1,3,6,5,6,5,3,1,0,0,0,0,0,0,0,0,0,0,0,0,0,0,0,0,0,0,0,0,0,0,0,0,0,0,0,0,0,0,0,0,0,0,0,0,0,0,0,0,0,0,0,0,0,0,0,0,0,0,0,0,0,0,1,1,2,2,3,4,6,10,11,10,11,12,9,8,5,1,0,0,0,0,0,0,0,0,0,0,0
155,119,26,31,33,32,31,28,24,25,30,31,27,27,26,24,19,14,9,7,5,2,1,3,7,11,13,11,12,11,12,12,11,9,8,9,15,19,19,13,7,4,3,2,1,0,0,0,0,0,0,0,0,1,2,2,3,2,0,0,0,0,0,0,0,0,0,0,0,0,0,0,0,0,0,0,0,0,1,1,1,0,0,0,0,0,0,0,0,0,0,0,0,0,0,0,0,0,0,0,0,0,0,0,0,0,0,0,0,0,0,0,0,0,0,0,0,0,0,0,0,0,0,0,0,0,0,0,0,0,0,0,0,0,0,0,0,0,0,0,1,3,4,5,3,5,5,10,11,10,7,2,0,0,0,0,0,0,0,0,0,0
148,112,18,21,25,27,25,23,20,20,22,28,31,32,30,26,24,22,19,13,9,6,5,6,5,3,4,6,5,7,5,6,6,5,5,5,8,15,17,15,11,8,5,5,5,4,1,0,0,0,0,0,0,1,2,5,7,6,4,2,1,1,1,0,0,0,0,0,0,0,0,0,0,0,0,0,0,0,0,0,0,0,0,0,0,0,0,0,0,0,0,0,0,0,0,0,0,0,0,0,0,0,0,0,0,0,0,0,0,0,0,0,0,0,0,0,0,0,0,0,0,0,0,0,0,0,0,0,0,0,0,0,0,0,0,0,0,0,0,0,0,0,0,0,0,1,1,3,6,9,7,4,2,0,0,0,0,0,0,0,0,0
140,101,13,11,15,18,19,17,12,11,16,23,28,30,30,30,30,29,30,25,17,10,10,9,7,6,2,0,0,0,0,0,0,0,0,1,3,5,9,8,6,5,8,10,10,10,6,3,1,0,0,0,0,1,2,4,7,9,8,7,6,5,5,3,0,0,0,0,0,0,0,0,0,0,0,0,0,0,0,0,0,0,0,0,0,0,0,0,0,0,0,0,0,0,0,0,0,0,0,0,0,0,0,0,0,0,0,0,0,0,0,0,0,0,0,0,0,0,0,0,0,0,0,0,0,0,0,0,0,0,0,0,0,0,0,0,0,0,0,0,0,0,0,0,0,0,0,1,3,4,7,5,3,1,0,0,0,0,0,0,0,0
131,94,6,6,7,8,11,9,7,5,6,13,19,24,26,26,26,28,31,31,24,15,13,15,13,8,4,1,0,0,0,0,0,0,0,0,0,0,1,1,1,1,3,8,14,16,15,11,8,6,5,6,4,1,0,1,4,6,9,9,8,7,5,3,1,0,0,0,0,0,0,0,0,0,0,0,0,0,0,0,0,0,0,0,0,0,0,0,0,0,0,0,0,0,0,0,0,0,0,0,0,0,0,0,0,0,0,0,0,0,0,0,0,0,0,0,0,0,0,0,0,0,0,0,0,0,0,0,0,0,0,0,0,0,0,0,0,0,0,0,0,0,0,0,0,0,0,0,0,0,1,2,2,1,0,0,0,0,0,0,0,0
126,89,3,2,2,3,4,3,2,1,3,6,9,13,16,17,15,16,19,22,18,13,9,9,11,9,6,3,1,1,1,0,0,0,0,0,0,0,0,0,0,0,1,4,10,13,15,15,12,9,6,6,5,2,0,0,1,2,4,6,6,6,5,3,1,0,0,0,0,0,0,0,0,0,0,0,0,0,0,0,0,0,0,0,0,0,0,0,0,0,0,0,0,0,0,0,0,0,0,0,0,0,0,0,0,0,0,0,0,0,0,0,0,0,0,0,0,0,0,0,0,0,0,0,0,0,0,0,0,0,0,0,0,0,0,0,0,0,0,0,0,0,0,0,0,0,0,0,0,0,0,0,0,0,0,0,0,0,0,0,0,0
124,87,2,1,1,3,3,3,2,2,2,2,2,4,4,6,5,5,6,7,7,6,4,4,5,4,3,2,1,3,4,5,4,2,0,0,0,0,0,0,0,0,0,1,5,7,10,10,9,7,8,6,5,3,0,0,1,1,2,1,1,0,0,0,0,0,0,0,0,0,0,0,0,0,0,0,0,0,0,0,0,0,0,0,0,0,0,0,0,0,0,0,0,0,0,0,0,0,0,0,0,0,0,0,0,0,0,0,0,0,0,0,0,0,0,0,0,0,0,0,0,0,0,0,0,0,0,0,0,0,0,0,0,0,0,0,0,0,0,0,0,0,0,0,0,0,0,0,0,0,0,0,0,0,0,0,0,0,0,0,0,0
123,87,4,3,3,5,4,4,6,7,5,2,0,0,0,0,0,0,0,0,0,0,0,0,1,1,1,1,1,5,8,10,7,3,1,0,0,0,0,0,0,0,0,0,1,1,2,2,3,1,1,0,0,0,0,0,0,0,0,0,0,0,0,0,0,0,0,0,0,0,0,0,0,0,0,0,0,0,0,0,0,0,0,0,0,0,0,0,0,0,0,0,0,0,0,0,0,0,0,0,0,0,0,0,0,0,0,0,0,0,0,0,0,0,0,0,0,0,0,0,0,0,0,0,0,0,0,0,0,0,0,0,0,0,0,0,0,0,0,0,0,0,0,0,0,0,0,0,0,0,0,0,0,0,0,0,0,0,0,0,0,0
124,88,5,4,4,5,6,5,6,7,7,4,1,1,1,0,0,0,0,0,0,0,0,0,0,0,0,0,0,3,7,9,8,5,2,0,0,0,0,0,0,0,0,0,0,0,0,0,0,0,0,0,0,0,0,0,0,0,0,0,0,0,0,0,0,0,0,0,0,0,0,0,0,0,0,0,0,0,0,0,0,0,0,0,0,0,0,0,0,0,0,0,0,0,0,0,0,0,0,0,0,0,0,0,0,0,0,0,0,0,0,0,0,0,0,0,0,0,0,0,0,0,0,0,0,0,0,0,0,0,0,0,0,0,0,0,0,0,0,0,0,0,0,0,0,0,0,0,0,0,0,0,0,0,0,0,0,0,0,0,0,0
121,86,5,4,4,4,3,3,3,5,4,3,1,1,1,1,0,0,0,0,0,0,0,0,0,0,0,0,0,1,3,5,4,2,1,0,0,0,0,0,0,0,0,0,0,0,0,0,0,0,0,0,0,0,0,0,0,0,0,0,0,0,0,0,0,0,0,0,0,0,0,0,0,0,0,0,0,0,0,0,0,0,0,0,0,0,0,0,0,0,0,0,0,0,0,0,0,0,0,0,0,0,0,0,0,0,0,0,0,0,0,0,0,0,0,0,0,0,0,0,0,0,0,0,0,0,0,0,0,0,0,0,0,0,0,0,0,0,0,0,0,0,0,0,0,0,0,0,0,0,0,0,0,0,0,0,0,0,0,0,0,0
120,85,4,4,2,2,1,1,0,1,1,1,0,1,1,1,0,0,0,0,0,0,0,0,0,0,0,0,0,0,0,0,0,0,0,0,0,0,0,0,0,0,0,0,0,0,0,0,0,0,0,0,0,0,0,0,0,0,0,0,0,0,0,0,0,0,0,0,0,0,0,0,0,0,0,0,0,0,0,0,0,0,0,0,0,0,0,0,0,0,0,0,0,0,0,0,0,0,0,0,0,0,0,0,0,0,0,0,0,0,0,0,0,0,0,0,0,0,0,0,0,0,0,0,0,0,0,0,0,0,0,0,0,0,0,0,0,0,0,0,0,0,0,0,0,0,0,0,0,0,0,0,0,0,0,0,0,0,0,0,0,0
115,81,2,1,0,0,0,0,0,0,0,0,0,0,0,0,0,0,0,0,0,0,0,0,0,0,0,0,0,0,0,0,0,0,0,0,0,0,0,0,0,0,0,0,0,0,0,0,0,0,0,0,0,0,0,0,0,0,0,0,0,0,0,0,0,0,0,0,0,0,0,0,0,0,0,0,0,0,0,0,0,0,0,0,0,0,0,0,0,0,0,0,0,0,0,0,0,0,0,0,0,0,0,0,0,0,0,0,0,0,0,0,0,0,0,0,0,0,0,0,0,0,0,0,0,0,0,0,0,0,0,0,0,0,0,0,0,0,0,0,0,0,0,0,0,0,0,0,0,0,0,0,0,0,0,0,0,0,0,0,0,0
112,77,1,0,0,0,0,0,0,0,0,0,0,0,0,0,0,0,0,0,0,0,0,0,0,0,0,0,0,0,0,0,0,0,0,0,0,0,0,0,0,0,0,0,0,0,0,0,0,0,0,0,0,0,0,0,0,0,0,0,0,0,0,0,0,0,0,0,0,0,0,0,0,0,0,0,0,0,0,0,0,0,0,0,0,0,0,0,0,0,0,0,0,0,0,0,0,0,0,6,13,11,3,0,0,0,0,0,0,0,0,0,0,0,0,0,0,0,0,0,0,0,0,0,0,0,0,0,0,0,0,0,0,0,0,0,0,0,0,0,0,0,0,0,0,0,0,0,0,0,0,0,0,0,0,0,0,0,0,0,0,0
110,75,0,0,0,0,0,0,0,0,0,0,0,1,1,0,0,0,0,0,0,0,0,0,0,0,0,0,0,0,0,0,0,0,0,0,0,0,0,0,0,0,0,0,0,0,0,0,0,0,0,0,0,0,0,0,0,0,0,0,0,0,0,0,0,0,0,0,0,0,0,0,0,0,0,0,0,0,0,0,0,0,0,0,0,0,0,0,0,222,222,211,210,214,211,210,209,243,242,7,30,52,40,14,2,0,0,0,0,0,0,0,0,0,0,0,0,0,0,0,0,0,0,0,0,0,0,0,0,0,0,0,0,0,0,0,0,0,0,0,0,1,3,2,0,0,0,0,0,0,0,220,224,210,211,212,212,212,244,243,0,0
111,76,0,0,0,0,0,0,0,0,0,0,1,2,1,1,0,0,0,0,0,0,0,0,0,0,0,0,0,0,0,0,1,1,0,0,0,0,0,0,0,0,0,0,0,0,0,0,0,0,0,0,0,0,0,0,0,0,0,0,0,0,0,0,0,0,0,0,0,0,0,0,0,0,0,0,0,0,0,0,0,0,0,0,0,0,223,226,219,6,251,209,241,66,48,17,46,240,240,249,29,57,69,46,14,1,0,0,0,0,0,0,0,0,0,0,0,0,0,0,3,4,1,0,0,3,8,9,5,1,0,1,2,9,21,24,15,4,0,0,0,2,3,2,1,0,0,0,225,230,220,11,248,200,205,202,201,199,154,201,242,0
114,78,0,0,0,0,0,0,0,0,0,0,1,2,2,1,1,2,2,2,3,3,3,4,6,7,6,5,4,5,5,5,7,7,7,7,8,8,9,11,12,11,10,8,5,2,0,0,0,0,0,0,0,0,0,0,0,3,6,4,1,0,222,1,243,0,0,0,0,0,0,0,0,0,0,0,0,0,0,0,0,0,0,251,23,59,99,37,212,25,32,6,65,111,255,25,204,118,87,77,98,52,61,50,241,230,216,216,216,219,230,65,145,179,168,156,148,146,126,78,20,4,3,0,0,3,8,11,7,2,0,1,3,13,28,36,24,8,1,0,0,1,3,3,226,255,11,2,38,21,41,117,75,20,17,11,12,16,218,152,166,247
118,80,0,0,0,0,0,0,0,0,0,0,1,1,1,0,2,6,9,9,8,10,13,12,12,14,15,13,13,13,14,15,17,17,14,12,15,17,19,25,28,27,24,20,11,3,1,0,0,0,0,220,1,242,0,0,0,4,228,229,215,217,254,198,163,209,208,208,243,242,221,1,242,0,0,0,46,130,170,178,161,64,253,39,46,148,209,156,113,122,75,52,9,50,239,76,211,156,240,212,177,64,13,8,83,26,233,245,244,47,82,128,216,39,10,225,203,222,20,147,56,247,3,0,0,2,6,10,7,3,0,1,2,11,24,33,25,9,1,0,224,71,88,42,38,37,53,99,164,192,226,197,129,39,38,39,109,169,142,73,61,250
122,82,0,0,0,0,0,0,0,0,0,0,0,0,0,0,3,7,11,12,11,11,13,15,15,15,15,14,15,15,14,17,19,18,15,13,14,16,20,25,28,28,25,21,14,5,1,221,225,214,215,0,231,195,221,242,74,107,94,32,41,48,93,108,141,78,248,0,168,192,40,10,23,156,179,86,104,169,247,33,93,43,180,31,104,1,14,1,220,206,224,121,30,8,55,215,204,165,212,44,51,186,137,87,137,136,137,148,152,170,230,191,210,15,246,211,218,253,68,45,208,107,79,113,163,202,193,177,167,162,161,133,80,17,4,6,6,234,77,158,178,173,163,183,146,159,165,180,173,188,13,26,249,150,150,173,232,238,249,235,202,82
126,86,0,0,0,0,0,0,0,0,0,0,0,0,0,0,1,5,8,9,8,8,8,10,8,249,97,182,237,167,126,161,96,11,221,216,215,249,215,251,80,173,200,126,66,81,164,143,43,252,20,143,76,65,220,169,150,193,249,200,229,250,244,214,60,60,192,69,124,213,205,93,122,250,1,209,170,186,22,63,133,121,11,48,189,249,248,184,238,255,52,195,101,0,52,98,33,88,251,254,32,16,253,239,153,104,85,91,93,120,99,160,145,108,99,84,20,168,16,84,61,55,16,213,220,68,59,35,4,244,2,241,171,150,82,108,169,181,178,226,68,23,227,2,73,97,165,217,229,69,48,6,196,167,168,179,196,11,10,215,226,86
95,90,206,1,206,221,207,207,207,207,243,242,0,0,0,0,0,1,2,3,2,223,250,85,178,184,181,3,114,46,211,180,235,128,252,208,197,156,231,29,78,245,60,212,130,189,25,25,229,181,160,233,208,249,83,77,15,241,5,180,16,80,34,234,36,137,154,225,230,54,74,198,192,4,39,195,126,134,163,13,13,33,219,28,74,174,192,17,248,217,119,164,200,22,93,121,236,254,37,136,214,187,138,106,167,148,117,118,119,100,253,246,15,2,2,1,199,46,120,217,253,73,109,33,3,105,79,68,38,20,18,47,52,94,42,239,248,72,24,184,253,235,207,228,126,51,0,0,0,108,175,237,243,217,218,54,235,150,206,215,111,17
149,46,208,196,208,241,193,192,193,193,146,160,207,243,242,0,0,223,248,84,182,8,175,163,4,64,19,29,144,6,213,212,109,23,139,130,247,219,161,155,155,2,244,43,211,227,63,92,12,7,219,221,223,52,217,226,194,147,208,41,21,20,129,185,159,49,100,101,215,3,224,129,131,167,110,24,198,210,211,125,109,77,34,250,196,208,251,109,40,132,128,0,245,255,86,98,251,251,214,15,76,123,115,254,250,17,3,2,2,4,7,5,2,3,1,0,4,28,68,123,148,147,150,113,118,193,220,196,134,133,179,205,0,74,137,79,204,9,234,97,49,0,0,0,0,0,0,0,0,0,0,0,0,0,0,103,98,33,88,119,120,41
217,111,250,213,250,20,7,7,9,5,198,185,199,181,226,78,181,1,165,143,17,126,77,7,218,230,247,219,254,32,168,165,18,43,237,231,111,169,59,131,126,197,174,137,108,12,8,193,163,112,132,124,137,147,68,50,243,195,153,11,191,189,96,52,79,181,0,194,159,89,226,250,248,152,212,243,194,194,198,26,46,1,197,197,195,196,3,230,218,232,4,215,190,202,1,14,2,3,6,6,7,3,3,4,7,5,4,5,4,5,5,1,2,0,1,7,3,253,254,254,26,35,249,194,232,239,20,229,10,242,26,42,187,236,200,158,64,39,242,0,0,0,0,0,221,222,243,242,220,1,207,222,208,210,211,212,255,240,149,197,109,80
38,206,46,46,47,45,46,47,47,120,230,22,5,124,45,142,32,112,64,242,37,98,249,177,100,100,64,23,123,207,135,226,252,16,181,213,48,65,3,162,47,10,43,249,211,51,108,206,175,2,186,196,199,199,195,1,20,13,202,202,60,58,53,25,42,73,126,40,17,230,199,15,32,218,2,21,4,4,9,6,8,10,11,11,8,9,15,212,251,16,9,7,8,4,1,3,4,5,7,2,2,3,2,5,4,3,2,4,3,6,3,3,3,6,1,1,33,2,19,252,255,2,3,9,31,22,221,239,47,14,6,204,15,51,210,199,20,184,208,224,224,210,212,212,1,238,147,164,253,197,208,243,198,194,228,199,17,25,199,142,58,59
225,211,131,126,125,129,132,138,142,231,94,173,108,49,133,149,235,39,191,115,123,125,20,197,208,94,90,226,132,164,68,72,112,170,176,149,145,69,6,94,84,231,255,244,199,201,202,5,21,14,8,9,9,8,0,255,5,6,255,10,21,23,28,22,9,12,34,30,30,23,11,14,21,23,19,9,3,6,6,8,13,9,10,9,6,4,7,9,1,2,3,4,3,4,5,4,7,8,4,3,4,5,4,5,4,3,2,4,9,4,3,7,2,3,1,251,212,28,54,254,255,28,33,22,42,33,245,243,9,0,1,252,2,11,199,241,235,172,203,4,241,200,197,197,5,22,206,185,5,214,244,20,7,1,221,20,58,1,6,213,27,11
175,169,79,73,70,70,74,81,85,157,244,87,45,193,152,133,112,102,5,188,199,199,198,197,197,34,53,248,20,56,0,195,197,197,197,197,200,198,197,27,47,254,0,18,7,9,7,3,4,1,5,7,4,2,1,4,4,5,7,1,4,33,39,23,2,13,17,8,12,1,253,4,12,18,16,4,4,4,4,7,7,5,6,3,0,255,3,2,2,1,2,2,2,3,5,5,2,5,2,5,5,5,4,4,3,1,4,7,4,3,6,6,4,1,0,5,204,251,9,1,0,213,231,70,50,2,3,254,1,3,0,246,1,10,7,8,202,178,206,11,16,255,2,5,6,13,18,9,11,6,7,4,6,11,211,250,21,255,17,20,35,251
127,129,129,119,113,109,111,117,117,119,118,122,104,6,253,18,9,12,13,12,10,10,10,10,11,11,12,11,12,9,11,12,14,12,9,12,13,10,9,11,9,7,7,4,3,3,2,3,2,3,6,5,2,0,4,4,5,7,8,253,252,7,3,0,4,14,14,11,10,248,254,3,15,16,5,8,5,255,3,3,0,1,3,1,0,1,2,0,1,2,5,1,1,1,1,2,1,0,4,4,3,3,2,4,3,4,5,4,2,6,4,5,5,8,4,3,7,2,2,10,11,210,189,255,11,255,2,8,12,7,252,253,4,5,12,16,13,8,17,12,13,2,1,1,3,9,10,7,5,6,4,5,8,20,15,6,251,4,18,19,34,246
80,34,15,14,13,10,12,11,10,12,8,10,9,9,6,6,8,8,7,8,10,7,7,7,8,10,9,11,10,13,12,11,8,9,7,11,9,8,9,9,6,5,6,5,1,5,6,4,5,9,10,5,2,3,5,4,6,4,255,2,7,5,252,248,254,13,13,27,7,4,12,8,15,10,9,15,7,1,2,2,2,2,1,255,1,1,1,1,0,3,4,3,3,255,0,255,0,3,3,1,3,3,2,4,6,8,6,2,2,6,5,5,8,14,3,255,0,4,6,14,15,11,7,5,255,4,5,13,12,253,247,0,3,1,4,7,11,20,12,5,6,8,3,255,0,4,2,3,6,6,1,253,10,9,1,8,8,12,16,21,30,245
60,27,9,10,9,10,12,7,8,8,10,10,9,9,4,7,6,8,8,8,9,7,6,9,10,10,10,10,7,9,7,8,9,11,8,7,11,3,3,5,7,6,5,7,5,7,9,6,6,10,14,7,7,9,11,12,11,9,6,12,13,1,248,2,9,29,35,40,17,23,27,14,4,8,13,9,2,4,3,10,6,9,5,6,3,0,3,2,3,3,4,3,1,255,0,0,2,5,0,255,3,3,6,6,8,8,5,2,3,6,0,251,15,2,254,1,255,246,46,18,13,0,2,3,9,12,7,6,6,251,250,0,2,253,253,254,7,6,0,1,0,2,3,1,0,255,253,1,1,254,0,4,3,251,245,22,16,27,11,22,22,240
50,21,7,8,8,9,8,7,4,5,9,9,6,6,7,8,7,7,9,9,10,10,8,8,9,7,8,8,8,8,8,8,8,7,5,7,4,9,2,254,6,8,5,3,11,8,5,6,5,9,13,9,9,8,9,10,8,5,12,9,252,0,11,19,27,28,25,15,8,21,28,12,7,6,10,5,6,12,17,7,7,10,7,13,6,7,5,3,5,1,3,6,8,7,2,4,7,3,255,2,2,2,4,4,4,4,4,7,6,1,2,15,3,250,4,1,247,249,240,18,40,255,6,8,17,13,9,8,2,1,5,6,255,255,4,2,1,251,255,253,248,254,0,0,255,253,4,10,10,6,6,7,4,14,46,247,49,50,27,19,16,241
44,17,4,5,4,4,6,3,3,1,2,4,3,4,6,6,5,6,7,8,8,6,8,4,5,6,8,6,7,7,8,8,6,3,5,9,8,9,254,255,7,4,4,3,10,7,5,5,5,9,9,8,6,3,3,5,1,248,3,249,255,4,4,7,18,253,6,11,10,17,22,35,22,8,9,4,14,22,11,251,8,20,20,7,1,10,8,6,7,6,14,15,13,12,10,12,9,1,0,4,1,0,2,2,2,3,5,10,8,3,16,16,251,2,7,2,2,23,217,235,15,1,4,11,11,6,6,5,4,7,6,253,248,7,7,9,0,250,1,252,5,5,249,253,3,254,0,14,23,11,2,5,8,48,75,31,41,20,27,16,15,243
39,15,4,4,2,3,3,3,2,3,1,1,4,3,3,2,3,4,4,5,4,5,5,5,6,6,6,5,4,3,3,3,0,1,4,10,13,0,253,5,3,1,3,8,4,3,4,3,4,4,0,1,1,0,255,253,252,253,251,254,11,9,2,21,18,7,16,29,30,27,25,31,21,11,6,12,17,13,4,1,16,13,15,6,13,21,13,7,7,11,17,23,20,7,12,15,6,255,2,3,0,255,0,0,0,0,6,7,5,13,14,1,4,4,6,3,19,28,2,248,0,6,7,7,4,2,255,5,1,255,254,0,0,254,3,11,3,0,245,30,36,31,24,34,7,15,15,23,21,20,1,250,14,37,30,62,38,0,10,6,24,253
36,14,3,3,4,2,2,4,5,3,3,4,5,4,4,4,4,4,5,6,4,7,6,2,4,4,2,0,255,1,0,254,255,255,0,4,4,254,3,2,255,255,0,2,0,0,0,0,255,254,0,255,1,0,0,2,4,6,1,13,31,21,22,22,3,12,18,17,16,16,19,15,11,7,10,14,9,2,4,18,19,11,0,6,25,19,10,6,255,252,1,6,5,6,6,8,2,2,3,1,1,1,0,255,254,255,3,1,2,10,5,2,1,2,8,8,4,9,254,251,0,6,6,4,2,254,4,10,1,5,8,12,16,4,16,16,11,3,13,29,82,134,128,70,76,53,13,2,13,2,254,251,16,61,58,73,18,5,12,14,35,14
30,9,1,2,2,2,2,4,4,5,2,2,2,4,5,5,3,5,3,3,5,3,254,2,253,254,254,252,251,255,254,255,1,254,255,4,0,255,1,253,248,253,252,253,255,253,253,0,254,255,255,3,1,253,250,18,18,251,235,254,20,35,36,2,254,6,251,1,5,6,254,252,5,7,8,7,255,253,5,16,12,18,20,24,30,12,6,0,245,248,0,1,11,16,14,3,253,3,4,1,0,1,0,254,253,255,1,1,255,3,6,4,2,8,11,7,255,1,0,255,2,4,5,4,255,3,18,7,5,12,11,13,17,20,17,14,12,6,54,84,140,182,124,124,80,25,2,2,5,16,16,6,5,15,37,47,4,248,8,16,25,12
24,9,0,1,1,2,3,5,3,0,6,3,251,0,4,1,1,1,255,0,255,249,254,254,251,252,252,250,250,254,252,253,1,254,3,1,254,2,255,251,250,249,249,252,253,251,0,254,253,254,2,4,3,254,15,32,31,21,10,15,21,49,53,32,36,31,7,1,6,8,253,250,255,9,10,6,9,3,8,26,13,5,15,32,10,255,3,251,0,6,6,5,9,10,7,1,1,3,1,254,254,255,255,253,253,255,255,251,0,1,1,1,5,13,11,1,3,1,255,2,3,1,4,6,6,10,7,255,1,3,2,9,9,12,8,10,6,10,30,84,162,196,140,84,74,50,14,15,14,15,6,34,11,3,30,44,21,18,19,16,34,9
24,11,4,2,2,1,2,4,4,5,6,252,253,2,1,255,254,253,255,0,251,250,0,253,1,252,252,249,251,252,254,254,252,255,4,0,4,5,3,254,251,248,251,252,250,255,0,250,252,253,252,3,8,10,28,16,19,35,38,27,2,1,253,29,61,31,8,7,24,26,31,23,8,1,255,3,17,12,20,21,17,7,14,23,7,3,254,253,254,254,2,5,1,254,251,252,1,0,253,252,253,1,253,252,253,252,251,250,250,0,0,1,1,5,3,1,0,255,2,2,254,2,8,5,5,8,4,252,251,0,7,6,1,3,8,8,4,4,23,65,120,132,102,1,239,12,5,14,24,249,10,19,11,12,16,8,2,22,27,31,50,20
24,11,3,2,2,255,1,255,7,12,0,249,4,3,0,253,1,0,0,253,252,1,1,0,1,5,254,250,2,0,254,255,254,252,0,3,6,2,2,0,252,252,254,254,253,1,0,253,255,255,0,255,251,7,7,9,42,49,47,14,1,250,12,54,58,40,18,9,20,32,44,28,254,253,6,1,10,26,23,6,10,11,6,243,249,6,2,3,249,246,253,1,254,253,253,254,255,253,252,254,0,254,255,255,255,250,248,250,252,251,253,254,252,254,3,4,253,255,3,255,0,7,8,8,6,10,5,255,0,6,9,6,254,5,9,6,3,255,254,1,9,23,22,6,248,243,252,16,3,254,15,0,4,0,12,3,249,4,26,31,37,9
19,6,254,2,253,253,253,254,4,4,0,0,4,3,1,0,255,1,1,255,255,0,2,6,7,6,254,1,5,2,252,252,254,0,255,3,2,3,1,255,254,255,255,254,2,2,255,3,2,2,6,5,249,6,12,27,41,39,19,252,1,5,24,14,255,10,16,20,35,51,58,34,5,4,2,251,255,11,0,253,254,3,1,251,2,11,6,1,248,253,254,255,1,1,1,254,255,0,254,0,1,0,254,1,0,251,249,250,253,250,251,251,252,2,2,5,3,4,1,0,254,1,3,9,16,11,7,3,6,4,8,1,1,6,4,6,255,250,254,253,1,8,4,3,245,241,7,255,0,23,4,251,247,0,8,6,8,26,32,36,32,7
13,1,254,254,254,251,251,255,1,255,1,4,2,2,0,1,0,3,1,1,254,252,1,1,5,3,0,1,253,250,253,252,254,1,1,255,1,2,2,255,1,2,0,255,2,254,255,3,2,2,4,254,255,7,13,18,8,5,254,253,250,2,7,247,7,15,24,27,29,23,15,4,10,9,244,245,16,252,248,3,0,1,4,3,7,10,3,249,21,242,3,3,4,5,3,255,1,2,0,0,254,0,255,255,2,254,251,253,254,254,254,254,18,23,26,21,14,8,255,253,252,0,5,11,13,11,2,1,0,0,2,253,2,2,1,1,6,15,25,36,50,38,22,9,251,2,4,245,16,10,0,3,26,30,19,8,20,29,25,17,27,25
10,3,2,255,0,253,254,254,255,254,255,2,3,0,1,3,1,0,1,255,254,0,2,4,5,2,1,255,254,4,253,253,0,0,1,0,0,0,255,254,1,0,253,255,254,252,255,253,253,252,251,246,254,252,255,253,250,251,252,254,252,253,248,8,9,0,5,16,12,5,6,25,27,26,254,3,8,249,17,0,250,252,4,4,254,251,14,69,3,5,22,254,5,10,4,2,3,1,4,1,253,254,254,252,253,253,253,254,251,252,248,7,11,17,17,19,21,11,13,22,4,250,1,7,2,255,3,252,253,1,2,9,28,36,2,16,12,33,35,57,65,54,43,16,13,23,252,8,7,255,2,9,37,53,36,8,6,14,5,245,29,23
9,2,0,255,254,252,253,255,254,253,254,0,0,254,253,254,4,3,251,251,255,1,2,6,5,254,250,249,17,7,249,252,255,255,0,0,255,255,0,254,255,254,254,253,255,0,1,1,4,4,252,251,255,255,1,1,252,250,254,254,2,255,255,3,5,251,254,6,6,255,7,4,49,25,7,13,1,3,7,10,20,10,1,251,0,15,59,91,36,47,8,2,9,8,1,2,0,2,4,4,0,254,0,255,255,253,253,252,253,251,255,17,5,12,26,23,4,11,39,18,252,249,255,251,249,5,9,6,11,16,6,5,81,59,103,32,43,89,107,102,105,71,55,44,28,6,49,20,2,3,251,17,40,65,35,12,10,9,248,11,56,248
9,1,255,0,254,251,253,255,252,255,254,255,255,0,255,0,1,6,253,252,255,1,254,1,2,255,2,9,16,0,5,254,254,254,0,255,254,255,255,254,254,254,254,254,2,255,255,5,11,10,254,253,251,251,252,252,254,251,253,252,255,255,4,1,1,255,7,8,17,14,11,11,42,26,24,4,7,7,246,8,26,24,27,44,49,59,52,32,66,40,246,4,5,0,255,2,255,2,3,3,3,0,1,2,0,255,253,250,251,2,16,16,4,5,12,5,250,15,41,19,255,0,252,247,16,57,53,46,17,11,15,55,254,116,156,79,46,52,139,194,187,165,154,170,121,56,16,55,56,65,49,41,40,21,12,7,4,6,9,35,37,232
8,0,255,0,255,252,254,253,254,254,255,255,254,254,2,7,5,255,252,0,254,250,255,255,254,255,9,16,0,248,254,0,0,255,254,253,255,1,254,253,254,0,254,253,255,3,7,8,17,14,5,2,252,253,250,250,247,249,252,253,248,252,4,255,252,253,10,8,5,9,12,22,253,245,4,0,1,254,4,9,9,12,26,55,73,35,15,14,38,5,1,4,0,254,0,3,0,2,2,2,3,2,3,2,254,255,252,251,249,255,8,3,5,7,8,19,12,12,253,249,5,24,8,22,55,101,105,83,24,21,35,28,12,53,36,84,102,176,184,209,235,218,165,195,7,195,56,27,78,78,69,47,0,239,4,254,0,254,10,33,20,244
6,2,255,252,255,255,253,253,255,254,255,255,253,253,255,4,4,253,251,254,253,253,253,255,254,253,0,5,253,252,254,254,253,253,252,252,255,253,255,1,6,9,10,7,255,3,11,13,5,254,0,1,253,253,254,249,252,254,248,252,246,3,1,253,249,254,6,0,252,0,8,7,254,6,14,9,253,255,10,2,254,11,43,62,62,27,13,2,1,255,255,255,253,255,0,1,3,1,2,2,255,2,1,254,3,255,253,1,4,245,0,3,4,6,13,14,0,8,250,238,13,25,19,15,76,83,141,106,104,44,19,188,81,132,113,114,99,204,162,131,201,221,162,202,41,32,180,48,46,57,84,69,57,53,35,10,255,4,6,14,13,255
9,3,253,253,0,255,254,254,254,254,254,253,252,253,252,254,254,253,254,253,253,4,255,250,0,254,253,254,253,253,252,253,3,17,37,49,50,47,46,52,57,61,59,55,51,56,59,60,46,22,16,3,5,2,254,250,3,253,0,239,4,7,12,20,20,11,10,4,0,3,255,248,5,24,15,252,251,4,2,7,10,17,31,20,250,246,6,22,9,254,254,253,253,253,255,3,1,3,0,253,4,254,251,0,255,2,5,10,12,252,1,255,251,11,21,14,6,18,4,29,7,9,35,13,224,53,53,23,62,35,35,247,87,164,221,137,173,118,86,48,80,70,60,58,110,223,189,83,27,17,22,34,58,78,50,17,9,12,7,4,3,255
10,3,253,253,0,255,255,253,251,251,252,253,252,250,252,253,254,254,254,254,250,255,3,254,250,251,254,253,253,253,2,11,22,45,61,66,56,47,42,46,56,62,56,54,58,66,68,84,77,76,62,47,36,15,253,5,254,250,254,253,8,5,20,18,34,26,61,41,10,23,250,14,17,24,24,15,3,8,6,6,0,6,6,0,245,246,24,21,15,4,250,252,4,0,255,2,255,0,248,255,3,10,16,33,33,36,33,43,25,17,18,250,17,11,21,47,36,252,37,44,2,0,19,36,12,51,26,87,52,11,33,40,110,160,233,137,149,17,250,23,9,12,34,39,70,126,83,56,20,27,27,34,71,73,53,24,15,253,253,4,247,249
9,0,254,1,254,252,255,254,251,251,252,2,253,250,249,253,255,254,250,252,255,0,255,0,249,252,252,255,11,22,35,32,69,42,73,68,67,60,56,63,65,62,58,52,60,70,77,82,75,95,90,87,53,36,6,35,15,253,242,10,10,15,27,81,28,64,72,62,87,11,29,36,2,253,28,37,28,20,3,254,250,253,249,6,254,11,36,25,23,2,252,250,2,255,2,252,2,14,16,19,16,23,42,52,58,53,48,62,53,41,52,25,231,225,40,95,35,23,47,40,20,11,47,48,43,20,23,71,20,3,19,39,61,87,101,83,86,9,251,24,14,14,7,17,41,11,3,17,30,53,56,38,30,28,33,21,28,17,13,255,246,250
6,1,0,254,252,255,254,0,255,255,254,0,252,249,252,254,250,251,250,255,3,1,255,251,252,251,247,243,250,70,79,52,14,57,87,36,27,22,22,25,27,17,8,26,36,35,19,15,68,57,92,104,162,62,43,64,252,12,5,8,17,36,38,68,45,75,53,85,90,65,71,1,248,252,31,42,38,5,248,248,249,247,3,8,7,20,22,34,21,20,21,4,255,8,22,16,17,17,24,8,14,19,39,44,59,59,60,51,78,53,34,78,30,165,49,125,75,63,35,37,44,33,40,26,0,251,10,5,0,255,1,13,14,5,15,52,40,1,7,21,7,4,4,18,9,0,10,24,35,23,23,25,5,14,3,1,29,36,11,238,246,253
3,1,255,254,254,3,255,254,253,250,253,248,245,249,0,253,254,1,0,0,6,253,18,50,45,18,251,239,48,252,37,111,11,235,19,9,3,10,6,11,17,13,11,25,17,12,16,18,241,28,72,64,114,92,187,53,70,72,49,34,14,19,30,31,95,76,23,36,31,94,59,236,254,12,26,33,34,18,16,8,4,253,17,11,8,22,23,9,23,53,24,9,5,13,27,32,24,13,21,16,24,26,31,32,37,37,26,20,17,94,119,72,139,2,42,89,85,48,25,41,48,28,17,13,8,253,7,253,247,252,3,1,0,7,29,51,12,254,20,13,249,255,12,11,247,253,2,5,11,11,8,2,1,20,14,23,37,37,20,247,253,250
2,0,253,255,255,254,253,253,252,252,251,251,252,255,253,245,252,2,19,63,18,244,65,88,61,25,20,45,26,8,10,32,12,14,10,235,5,253,15,22,32,44,50,28,29,19,13,40,233,15,42,27,17,126,176,90,107,99,109,81,46,18,29,25,53,30,19,28,26,38,0,249,5,13,17,9,251,8,19,9,246,16,19,250,1,24,26,12,29,49,40,27,23,58,69,56,44,17,3,3,11,15,12,12,6,6,12,10,160,46,100,63,39,40,86,89,111,75,22,25,39,31,16,13,254,254,3,247,252,2,9,255,250,16,39,17,250,3,13,254,0,9,15,254,253,255,253,3,6,15,18,22,24,3,9,38,40,43,68,76,59,23
3,254,253,255,255,253,252,255,2,3,252,1,6,3,250,248,4,14,83,187,159,77,62,72,108,58,248,24,40,117,116,46,41,44,5,53,7,0,44,40,48,51,41,77,60,40,44,53,45,63,48,64,35,64,32,35,120,140,118,133,70,0,34,32,27,19,11,2,2,3,253,250,252,7,5,9,36,49,35,4,5,16,255,251,7,12,16,35,13,240,8,71,70,6,22,82,66,15,4,9,10,11,5,8,17,2,22,26,211,22,85,142,32,254,53,50,72,89,74,51,24,11,11,26,15,23,0,2,6,5,0,252,1,11,17,1,252,255,250,250,0,4,1,254,1,249,247,1,255,249,24,35,10,243,250,6,18,52,76,102,94,51
6,252,251,255,1,255,3,2,3,2,0,0,9,3,2,10,17,21,82,211,13,204,60,117,175,106,91,21,69,169,134,19,66,58,47,159,93,41,12,69,81,73,28,67,80,100,7,29,80,125,198,159,37,44,31,246,3,4,116,239,86,62,10,44,30,16,2,0,4,7,7,4,7,5,254,18,62,78,38,7,18,1,239,250,2,5,21,18,245,35,59,42,25,39,241,14,32,4,13,24,4,8,23,7,0,25,49,45,41,19,31,32,15,31,26,4,23,37,51,91,97,56,3,252,25,18,253,254,255,2,254,254,2,2,3,2,254,254,251,249,255,0,254,7,0,247,250,249,249,7,29,20,21,252,0,8,31,58,98,92,119,68
5,254,0,0,254,1,5,3,255,252,0,6,4,2,10,21,24,24,49,149,231,185,82,180,7,233,125,109,207,221,190,64,71,63,72,170,23,192,56,59,139,140,152,90,115,66,47,90,95,92,172,151,102,79,7,26,19,207,71,178,206,110,39,80,31,27,4,7,8,11,1,12,12,10,17,33,29,78,56,19,0,254,248,251,254,7,10,254,44,11,255,253,3,77,48,30,9,12,15,247,10,17,18,11,13,24,15,21,33,30,20,245,247,14,14,23,24,19,41,88,148,112,39,5,17,18,17,252,248,252,253,253,254,254,2,3,253,248,247,255,252,2,9,6,248,250,248,246,5,21,5,4,2,1,6,27,36,41,39,23,34,24
6,255,254,253,253,1,254,250,1,254,0,3,255,3,7,5,13,15,17,38,82,99,93,135,162,235,90,76,78,186,234,32,62,58,56,179,157,130,253,188,234,227,198,99,60,26,81,181,122,113,118,88,76,68,1,12,23,17,45,130,10,213,113,69,30,13,15,16,21,23,11,17,29,28,34,41,33,24,20,23,253,254,251,249,255,3,247,54,18,190,13,238,252,42,44,17,7,15,10,249,7,7,18,27,31,8,253,21,42,52,17,249,5,1,254,28,38,26,8,42,111,150,114,47,253,253,253,248,248,248,253,0,252,254,2,252,254,254,251,2,253,0,6,255,1,252,250,252,3,12,2,5,1,8,255,6,23,28,26,21,2,1
8,255,252,249,255,0,248,253,0,255,0,254,253,254,254,252,253,1,3,2,8,20,43,80,50,249,198,74,28,130,39,68,250,14,36,101,1,68,226,183,204,229,135,26,209,74,235,71,13,154,71,5,63,51,15,4,11,29,28,115,174,149,152,153,98,75,78,68,32,44,12,28,64,59,36,26,35,1,240,1,9,255,248,252,0,245,51,27,225,17,67,2,14,37,44,47,51,30,33,45,17,7,20,37,40,14,9,2,21,10,247,252,16,18,12,13,23,22,8,29,85,105,171,102,32,14,249,252,248,252,255,0,254,255,253,244,0,3,1,245,249,4,255,1,3,253,254,253,255,8,13,4,0,252,254,19,61,79,63,36,13,255
9,254,248,255,252,252,250,0,252,253,255,253,0,255,252,243,1,2,248,0,7,14,36,49,38,175,161,106,202,243,250,98,12,2,15,69,132,166,97,66,134,187,134,12,1,155,41,58,17,186,164,39,33,17,20,254,250,1,48,24,70,89,155,151,158,128,101,83,117,62,244,69,80,64,29,5,255,2,0,18,7,252,253,252,242,0,34,220,223,97,72,30,38,20,12,22,11,13,30,33,27,17,4,254,5,13,19,14,30,24,7,255,248,254,27,24,253,253,24,26,19,114,198,152,102,31,25,19,7,1,253,245,252,3,248,253,6,3,2,251,0,2,1,2,252,0,249,249,0,251,2,9,3,245,236,30,70,78,55,45,26,20
3,0,251,249,1,251,251,254,252,255,253,254,1,1,251,0,10,253,253,254,0,4,25,36,31,234,235,26,110,125,98,27,18,251,4,24,31,14,20,27,55,57,9,42,90,169,13,48,142,196,147,102,71,57,53,11,2,24,254,218,244,4,82,161,80,65,144,144,197,142,85,71,50,61,23,0,1,4,14,15,7,4,2,249,246,66,221,201,22,54,24,36,29,29,31,7,245,4,34,49,33,23,3,245,6,38,9,48,53,38,50,18,241,5,30,16,12,18,27,19,212,28,160,186,99,41,45,32,12,251,246,252,2,3,254,10,6,255,252,0,0,249,0,254,250,254,249,252,251,253,4,23,4,251,8,45,69,80,70,42,40,27
5,254,2,251,1,253,252,253,252,0,255,4,4,4,1,13,2,251,254,245,249,3,7,16,42,47,14,23,70,21,71,30,24,1,2,35,44,64,55,55,61,15,232,67,95,67,130,173,15,255,237,55,78,244,249,69,41,244,199,215,226,219,218,65,38,43,29,52,100,140,146,33,5,255,239,2,0,251,7,4,6,3,250,0,13,31,214,234,95,57,17,31,37,41,32,20,8,254,12,12,14,15,4,0,5,253,35,4,6,103,79,20,5,17,5,254,6,21,25,65,203,209,117,177,68,57,36,33,23,5,246,2,7,249,254,255,0,255,252,0,255,253,253,255,3,0,254,250,254,8,25,3,246,12,37,44,20,15,10,255,24,15
4,1,254,2,254,248,255,255,252,250,255,4,5,255,3,5,252,2,251,250,1,255,250,12,38,42,182,15,99,60,52,97,75,24,44,252,27,83,48,61,29,218,203,67,71,166,208,253,212,214,207,13,35,222,194,12,33,166,158,9,1,204,213,165,64,97,71,60,81,96,95,22,16,15,10,17,0,255,251,251,1,254,1,8,71,217,208,51,92,43,9,251,1,4,255,10,14,8,9,4,6,2,3,8,251,242,224,182,246,37,8,254,14,8,254,4,252,6,23,247,172,232,90,164,93,63,14,254,253,251,2,7,253,249,8,8,24,6,252,251,252,253,252,255,2,1,5,3,14,24,28,254,253,0,14,16,8,8,9,9,9,250
1,255,0,253,246,254,255,254,250,252,251,253,253,253,0,254,4,4,2,3,252,247,252,15,31,35,234,2,229,12,222,41,107,74,227,172,197,227,21,6,219,226,213,22,46,228,22,54,33,39,26,28,50,38,16,22,37,225,222,25,30,31,30,224,4,59,138,87,36,9,5,250,24,12,35,2,253,16,247,246,246,255,7,16,2,225,238,97,107,47,6,250,251,255,40,18,31,6,252,8,13,11,17,12,0,17,211,184,1,21,254,255,20,13,6,6,253,12,34,224,196,193,81,149,129,76,17,250,247,255,12,1,246,248,247,34,25,254,250,248,253,253,251,251,253,1,6,12,20,18,252,252,252,250,253,0,3,4,254,1,5,2
2,3,255,247,253,251,248,250,252,248,247,255,246,253,250,3,3,2,5,255,255,255,255,11,22,32,48,27,206,142,228,0,12,34,222,203,228,222,36,51,47,47,33,29,30,26,21,19,35,14,5,18,25,13,20,32,23,31,66,44,31,28,31,33,181,66,94,83,50,49,6,14,14,107,96,25,68,16,9,47,40,13,4,28,235,183,201,87,104,29,10,11,2,34,243,32,67,11,16,24,23,23,14,6,18,38,31,31,24,24,20,29,34,22,20,20,10,21,11,18,33,219,23,140,161,95,21,0,255,5,6,246,250,6,12,39,40,44,22,255,253,254,252,252,254,1,253,2,4,0,254,249,250,252,0,2,2,255,252,253,249,0
8,7,252,250,255,254,250,252,254,245,1,250,251,252,5,255,247,255,1,1,3,3,2,4,7,42,43,34,16,214,35,43,18,29,39,24,49,66,53,22,17,8,4,14,7,1,1,6,7,255,1,15,11,9,16,27,18,40,57,79,63,10,28,33,229,1,50,113,76,61,56,15,53,158,129,162,132,21,96,80,62,50,8,32,70,190,169,80,71,28,20,20,24,229,180,63,74,29,37,35,35,31,16,23,35,30,34,41,31,27,32,37,32,29,39,27,31,36,16,18,39,231,210,110,162,77,14,8,2,8,251,255,12,17,17,255,32,49,12,253,254,252,253,254,0,0,250,252,0,1,2,7,20,19,5,6,18,19,21,14,5,248
7,3,255,254,254,0,14,40,27,10,5,249,0,1,7,253,1,9,10,8,14,9,3,255,7,39,38,45,23,24,56,51,33,23,30,34,39,99,89,43,3,253,255,10,13,29,52,55,17,2,2,10,20,33,55,54,33,71,40,104,69,10,15,45,32,179,58,69,79,86,113,55,84,83,131,228,144,107,81,24,145,77,19,69,17,189,35,66,37,38,27,26,38,240,225,28,29,22,23,25,20,7,17,21,26,13,18,12,10,14,15,39,38,26,44,20,27,28,15,18,38,235,205,101,171,70,26,0,11,2,252,8,14,10,3,14,36,43,20,6,255,3,6,255,1,251,250,0,20,36,34,61,79,41,254,253,8,22,31,17,9,246
9,1,255,255,247,241,20,50,34,10,248,254,5,11,15,251,19,23,249,2,28,5,251,254,5,24,43,45,33,35,69,110,68,29,34,30,53,103,119,81,12,19,40,47,51,61,78,63,42,26,40,36,14,39,61,111,66,253,55,116,78,59,10,26,33,239,255,46,117,86,74,106,93,81,93,100,110,202,59,250,75,22,41,34,221,26,119,45,28,15,12,23,43,51,65,47,21,0,251,3,3,252,252,23,11,0,2,1,2,244,10,49,30,21,32,34,61,61,47,21,42,233,204,107,183,95,45,0,5,255,255,2,255,254,13,22,5,250,250,249,0,13,0,252,253,247,248,249,3,28,49,79,80,26,10,9,8,23,33,20,8,251
12,1,251,253,251,7,28,39,35,15,249,250,244,18,4,10,33,28,6,13,16,10,3,254,0,15,40,38,44,26,44,97,85,42,27,22,33,76,150,112,23,33,79,112,116,107,91,82,116,109,93,96,121,55,112,165,88,61,47,63,91,100,36,12,36,40,174,21,91,117,156,121,71,80,40,30,66,92,42,80,22,244,26,232,200,115,152,59,36,250,255,29,37,45,69,73,47,7,4,3,11,9,1,19,12,13,6,9,4,3,25,35,31,37,36,38,87,95,71,23,40,230,204,111,187,108,55,1,253,252,250,1,0,6,26,28,17,3,249,254,13,7,1,255,251,250,247,251,21,57,80,71,38,23,28,20,13,255,251,249,252,253
9,2,3,254,3,27,35,0,243,248,9,254,252,18,14,39,75,46,24,16,252,7,19,15,10,16,29,35,48,25,27,73,117,66,9,26,68,81,120,151,129,44,68,95,201,219,155,133,150,156,155,157,165,67,147,162,138,49,41,61,75,103,59,33,46,24,218,1,29,111,155,97,107,123,47,252,255,33,42,69,12,10,42,224,193,124,158,73,31,247,4,26,44,48,61,76,70,55,47,70,79,70,33,20,248,8,7,6,11,26,23,3,249,72,71,76,79,141,90,31,34,233,204,110,190,126,83,3,254,250,254,1,7,37,63,60,72,51,24,13,7,248,251,255,251,251,4,22,41,45,34,7,239,8,23,9,254,252,250,250,251,253
6,6,3,255,249,27,25,242,234,22,15,252,8,254,246,49,84,42,29,253,248,16,24,15,35,36,18,35,47,31,21,39,108,88,37,27,33,253,117,171,156,64,19,76,191,166,149,99,127,156,111,182,122,252,133,127,101,51,38,17,37,57,55,37,32,21,14,3,2,58,136,34,86,89,13,255,23,25,248,252,24,39,38,212,159,133,162,99,53,25,13,27,38,35,25,49,69,71,64,99,103,101,80,1,231,14,6,7,238,61,95,53,83,38,36,49,119,156,91,44,30,199,165,117,129,133,66,12,255,252,251,238,12,76,43,52,87,71,30,4,248,252,0,254,250,0,9,23,30,17,5,250,253,13,21,14,12,7,2,250,250,250
8,5,250,239,19,36,0,249,8,25,4,7,4,254,11,63,47,55,35,253,2,17,5,25,79,51,18,36,37,44,21,18,62,100,70,70,208,214,59,55,56,3,213,137,213,239,143,254,222,228,255,71,51,247,229,84,78,14,27,12,10,16,33,19,15,24,6,254,4,32,16,17,52,28,22,30,42,18,5,12,39,47,42,217,206,104,110,105,81,18,28,21,28,32,91,107,159,195,195,155,135,74,88,7,237,82,185,227,180,146,110,153,72,229,252,64,126,107,83,60,40,225,189,232,124,136,83,33,251,251,255,4,48,70,42,51,60,73,44,19,253,3,0,250,252,254,255,4,4,252,247,254,0,255,2,25,23,10,255,253,253,252
11,6,249,6,35,31,10,20,21,0,247,1,3,17,51,34,5,21,23,11,14,246,239,39,64,32,25,26,29,40,12,6,21,61,66,37,176,64,58,23,32,252,188,253,73,149,45,203,3,235,251,51,5,16,198,246,5,240,6,19,4,2,18,15,5,9,8,8,43,0,214,242,7,243,20,41,27,1,10,27,22,14,38,191,13,89,77,156,132,87,34,25,35,39,127,189,236,231,248,199,68,39,25,63,105,178,22,86,68,211,153,200,55,245,2,80,152,152,88,58,41,11,12,236,69,97,68,250,254,255,11,35,51,26,52,64,25,255,21,11,253,254,250,251,252,252,252,255,254,250,251,249,254,254,13,30,28,17,0,251,252,253
13,21,24,38,27,21,42,27,3,250,247,249,0,17,33,21,24,35,44,16,253,253,33,42,10,5,12,254,42,19,250,6,6,7,18,180,205,43,18,254,253,3,12,213,191,205,208,195,248,14,4,219,21,55,4,0,245,249,13,21,0,2,15,8,255,25,20,12,226,23,64,25,7,245,8,13,255,250,4,12,9,16,44,232,253,59,96,147,125,59,255,29,19,20,106,213,34,11,0,11,186,185,180,233,4,189,15,106,56,240,131,52,0,0,2,18,115,145,65,39,18,9,10,19,62,132,75,246,251,7,9,29,9,3,49,60,16,254,22,23,9,250,253,252,250,250,254,255,253,252,252,254,5,13,22,9,253,251,252,252,253,251
20,21,10,17,12,29,41,21,8,6,11,3,253,255,2,254,8,65,59,6,248,29,56,7,234,239,253,27,45,4,3,6,250,241,16,211,242,22,11,254,247,1,15,14,8,17,25,13,2,7,17,208,2,26,42,43,57,53,28,8,247,1,8,5,27,16,8,23,227,3,29,56,47,4,248,248,244,253,1,251,1,21,41,37,17,29,82,151,153,32,253,15,251,29,17,124,157,204,231,223,217,175,132,145,159,217,164,102,148,112,10,214,207,208,243,211,85,88,24,0,2,24,6,18,73,98,34,4,2,255,1,4,6,20,33,39,20,11,14,8,0,251,253,249,248,252,252,252,252,253,253,2,4,8,3,254,253,251,253,0,5,5
25,20,21,24,30,40,24,19,13,22,34,5,251,249,0,255,18,94,76,43,22,43,58,36,16,11,23,45,48,12,12,22,7,9,18,250,1,22,18,1,250,248,255,255,33,38,56,59,59,53,17,57,45,60,10,28,79,49,76,42,8,243,252,29,46,9,10,33,42,22,18,82,99,52,250,248,250,1,1,255,2,17,41,33,14,20,63,101,74,5,248,253,4,15,206,179,207,212,46,168,104,145,209,99,247,151,150,245,66,126,51,189,192,227,149,229,40,18,19,252,13,12,6,8,43,46,42,18,0,253,254,9,32,25,9,249,252,8,14,6,5,252,251,251,254,251,248,250,252,251,252,0,251,250,253,251,249,253,251,244,11,3
15,1,6,18,26,10,3,252,5,48,29,4,252,254,244,14,45,40,15,19,4,24,37,53,42,20,41,45,30,22,17,27,36,28,251,0,17,17,15,3,252,0,252,1,250,5,72,78,78,67,111,58,30,83,20,255,6,54,52,35,16,255,5,46,63,51,47,37,34,17,14,75,133,92,5,251,254,255,254,2,4,19,32,69,12,19,14,253,3,13,12,248,6,10,30,159,57,248,29,10,4,17,46,211,197,97,124,107,30,55,75,63,57,9,11,54,28,251,253,15,15,5,7,13,54,54,43,7,255,0,255,9,10,1,0,255,7,11,252,246,251,252,254,0,255,252,247,250,251,250,252,253,250,254,255,7,255,249,245,2,11,248
3,0,0,0,0,14,9,15,21,22,0,8,255,3,10,34,41,24,21,27,14,19,37,89,55,16,20,27,250,250,36,36,21,2,253,19,10,13,20,7,3,3,4,40,184,197,0,2,2,3,63,15,244,220,1,242,0,64,128,110,27,32,250,19,58,80,56,28,21,5,43,38,125,102,26,1,4,2,0,6,9,24,33,13,25,68,12,23,13,9,1,16,30,30,243,5,6,69,32,213,51,76,65,3,238,0,254,65,84,77,82,82,71,5,59,94,76,8,254,17,14,16,2,3,74,93,91,40,25,19,20,13,255,251,3,12,24,29,17,5,3,3,7,7,2,254,255,1,254,255,254,247,245,246,12,12,251,243,255,10,1,249
8,255,250,250,247,15,18,20,16,255,248,1,255,6,35,41,22,254,248,8,24,24,22,24,7,255,255,0,246,3,41,29,1,254,18,14,6,11,9,8,14,4,13,222,164,232,242,220,1,242,0,220,224,253,230,167,27,254,79,65,121,104,37,30,74,74,90,55,34,41,228,57,161,93,43,14,15,16,17,27,34,49,71,229,52,58,49,33,28,40,30,58,55,11,229,15,57,23,22,140,198,131,33,249,59,87,5,225,224,228,229,239,247,251,221,107,100,20,21,4,12,8,252,5,69,94,106,60,47,33,27,12,8,6,8,9,37,47,28,11,11,13,14,11,10,22,72,81,71,64,55,45,21,10,28,25,17,7,12,7,8,3
14,255,252,255,9,11,8,7,2,253,251,3,4,6,10,8,0,249,252,10,17,20,28,32,47,33,24,249,15,41,44,22,10,23,15,247,5,8,255,3,10,17,23,203,218,175,207,40,241,19,96,77,12,29,199,226,56,22,254,173,99,125,83,79,56,60,45,24,79,7,0,68,139,104,60,4,8,10,12,17,22,45,70,25,52,88,169,72,37,32,43,77,82,254,248,33,43,222,80,193,0,184,64,240,114,134,74,250,244,243,15,252,197,192,24,30,0,79,84,39,53,7,5,11,42,118,171,116,72,50,61,27,24,20,14,21,42,46,40,30,26,32,35,28,0,59,91,93,87,76,68,57,38,28,12,14,18,15,11,13,17,3
6,254,250,0,14,6,252,255,8,16,11,17,19,15,27,36,15,20,4,19,16,13,18,30,64,102,24,240,17,31,6,35,44,16,253,252,253,254,250,24,27,36,56,31,40,247,249,45,54,165,178,144,72,61,245,104,77,108,28,8,83,35,121,81,32,96,245,235,29,4,56,75,177,192,144,7,0,0,0,0,0,19,25,35,253,86,208,112,62,2,7,39,50,126,54,39,67,71,180,54,180,131,37,179,20,66,97,251,170,109,77,48,41,6,236,182,246,40,254,83,156,104,47,36,73,129,171,69,11,45,26,31,21,20,26,34,36,37,47,59,69,79,85,60,36,85,94,122,112,106,92,82,62,42,22,28,30,22,17,18,22,13
2,251,0,251,1,11,4,251,243,39,31,29,18,26,37,60,81,11,244,26,33,40,47,60,99,171,131,61,25,16,5,32,8,30,253,18,251,242,25,249,11,58,25,84,60,117,80,231,35,248,40,202,34,23,20,123,187,157,75,142,85,113,218,123,82,55,13,9,238,76,65,69,172,10,180,8,0,0,0,0,0,20,24,57,0,112,36,240,183,94,111,165,183,244,177,103,39,34,142,142,208,246,215,204,198,207,237,245,150,104,27,30,97,81,231,214,54,65,70,131,164,119,50,24,80,232,17,163,80,45,55,72,20,17,27,31,33,43,58,72,81,90,97,71,77,45,28,34,31,28,25,21,18,13,10,8,10,16,21,26,21,8
4,253,255,255,250,14,5,18,49,11,15,42,28,48,68,94,143,95,33,8,7,18,28,36,51,88,108,92,8,4,70,60,41,229,32,35,0,248,56,33,88,67,43,38,102,177,177,32,45,163,16,117,50,49,27,85,152,138,57,88,75,110,165,236,168,248,1,6,32,64,59,46,130,24,201,47,0,0,0,0,0,10,12,41,253,113,20,249,204,111,132,142,158,159,172,162,94,100,125,70,239,222,181,192,188,202,215,196,215,149,19,11,47,52,28,91,40,43,143,31,184,134,58,26,83,209,5,176,79,3,124,121,56,13,23,26,29,35,47,60,67,71,74,55,43,3,253,0,0,0,0,0,0,0,0,1,5,14,23,32,26,12
16,9,3,26,55,251,241,51,118,73,30,11,5,20,33,44,69,77,52,10,3,0,0,0,19,58,97,112,168,59,7,50,59,0,21,70,23,73,149,220,227,98,119,30,79,115,170,92,1,180,219,138,105,86,40,78,113,116,41,36,83,48,82,52,62,80,15,250,71,53,41,99,131,218,159,77,0,0,0,0,0,6,14,77,244,74,227,234,224,172,136,128,167,109,3,70,89,147,25,240,131,82,49,22,35,57,67,243,112,88,56,0,229,249,0,56,24,249,166,178,70,49,65,253,47,84,157,158,76,11,71,75,46,0,0,0,0,0,0,0,0,0,0,0,0,0,0,0,0,0,0,0,0,0,0,1,4,12,19,28,23,14
21,6,30,60,103,55,10,26,66,80,56,16,3,0,0,16,50,66,48,11,3,0,0,0,0,0,45,163,207,93,20,255,4,30,43,36,79,138,184,57,37,175,155,82,75,51,48,33,98,186,175,93,72,140,147,49,25,16,55,149,230,170,126,212,52,27,255,237,5,49,245,19,122,222,163,104,0,0,0,0,0,4,38,99,18,78,73,105,147,235,151,70,48,104,139,171,129,133,79,25,99,78,73,29,56,40,45,99,74,5,26,57,110,74,226,54,77,34,43,23,27,63,43,2,12,81,185,97,47,82,91,29,1,0,0,0,0,0,0,0,0,0,0,0,0,0,0,0,0,0,0,0,0,0,0,0,0,0,0,0,0,0
67,25,14,33,57,58,32,14,49,69,58,18,3,0,0,0,0,0,0,0,0,0,0,0,0,7,56,160,241,31,125,243,18,60,94,0,41,124,159,146,112,149,147,218,168,129,26,104,252,209,8,18,132,89,180,134,54,113,81,150,233,250,134,151,86,85,201,83,47,79,16,244,111,246,171,103,0,0,0,0,0,2,53,73,35,102,8,11,50,149,96,88,35,96,165,190,172,138,98,115,154,230,186,60,87,105,64,181,207,154,41,38,165,129,14,96,101,113,35,228,19,54,58,44,29,251,90,149,142,175,206,44,207,0,0,0,0,0,0,0,0,0,0,0,0,0,0,0,0,0,0,0,0,0,0,0,0,0,0,0,0,0
84,55,0,13,40,49,32,1,1,1,0,0,0,0,0,0,0,0,0,0,1,1,0,0,0,18,51,41,173,71,234,62,62,104,93,79,246,49,109,12,46,62,82,125,193,121,20,145,89,82,238,133,115,138,153,100,208,192,111,93,156,205,145,93,204,177,214,124,96,67,32,249,103,6,198,115,0,0,0,0,0,0,58,78,117,57,73,106,190,8,200,228,179,211,137,127,99,112,27,103,185,24,203,141,141,125,140,241,2,5,169,53,157,223,159,154,79,86,60,51,58,118,47,101,101,45,44,137,187,237,226,104,246,0,0,0,0,0,0,0,0,0,0,0,0,0,0,0,0,0,0,0,0,0,0,0,0,0,0,0,0,0
83,65,1,0,1,1,1,0,0,0,0,0,0,0,0,0,0,0,0,0,1,1,1,0,0,22,27,7,133,245,3,152,69,103,103,129,22,86,57,25,64,82,119,174,3,190,48,60,32,107,200,146,102,176,160,132,206,233,113,6,8,61,112,136,122,132,92,74,157,66,103,245,120,61,11,157,1,0,0,0,0,0,30,66,120,93,222,220,237,252,176,201,225,236,141,79,49,119,94,104,83,173,172,137,119,63,216,42,251,188,111,49,41,110,253,179,110,0,22,61,19,57,238,79,82,70,238,111,194,15,204,105,0,0,0,0,0,0,0,0,0,0,0,0,0,0,0,0,0,0,0,0,0,0,0,0,0,0,0,0,0,0
55,40,1,0,0,0,0,0,0,0,0,0,0,0,0,0,0,0,0,0,1,1,1,0,0,12,19,67,78,149,5,163,39,51,60,55,64,37,56,122,127,118,59,176,219,220,86,82,193,168,145,71,160,169,136,39,61,4,8,135,18,134,236,213,95,109,64,22,53,59,101,241,165,33,56,169,250,0,0,0,0,0,10,71,96,119,235,239,233,222,179,174,229,53,244,167,98,102,166,211,157,22,126,6,18,94,138,183,240,99,115,47,25,67,248,253,181,7,62,72,31,255,23,29,7,91,17,74,118,232,176,97,0,0,0,0,0,0,0,0,0,0,0,0,0,0,0,0,0,0,0,0,0,0,0,0,0,0,0,0,0,0
48,34,0,0,0,0,0,0,0,0,0,0,0,0,0,0,0,0,0,0,0,0,0,0,0,3,20,71,5,133,226,176,37,0,22,51,100,17,57,97,138,207,187,116,203,235,101,114,140,49,12,70,142,180,120,26,21,74,193,170,98,108,192,215,52,61,97,71,1,44,72,65,122,193,92,237,74,5,0,0,0,0,0,78,108,147,164,168,253,224,130,70,127,188,7,15,204,78,108,155,146,73,79,162,183,121,111,231,175,153,166,52,16,24,58,223,175,53,110,88,37,221,172,148,42,18,162,167,165,250,142,80,0,0,0,0,0,0,0,0,0,0,0,0,0,0,0,0,0,0,0,0,0,0,0,0,0,0,0,0,0,0
47,34,1,0,0,0,0,0,0,0,0,0,2,4,2,0,0,0,0,0,0,0,0,0,0,0,13,17,59,80,138,142,92,7,6,34,40,37,103,63,154,169,175,195,217,172,91,96,198,208,65,1,76,217,215,142,11,56,158,204,98,92,157,171,180,6,183,105,47,92,84,104,126,133,238,3,140,5,0,0,0,0,0,58,74,89,253,250,96,154,172,95,122,157,252,238,10,147,84,147,189,71,58,133,22,242,133,161,205,65,226,111,41,39,89,109,92,173,118,68,2,65,253,40,132,249,166,198,67,93,190,74,0,0,0,0,0,0,0,0,0,0,0,0,0,0,0,0,0,0,0,0,0,0,0,0,0,0,0,0,0,0
47,33,2,0,0,0,7,12,7,1,0,0,2,4,3,1,0,0,2,3,1,0,0,0,0,0,10,19,77,34,51,115,87,2,0,22,33,99,56,46,55,81,211,188,144,208,166,108,179,199,133,46,98,168,8,245,159,81,93,120,147,161,178,80,152,3,62,211,100,136,109,209,191,95,149,33,201,41,0,0,0,0,0,28,34,72,251,35,117,120,124,158,70,99,161,240,45,225,141,112,96,83,26,19,212,35,222,112,166,211,212,179,65,103,71,54,86,156,164,66,179,161,22,54,178,58,135,174,50,40,197,54,0,0,0,0,0,0,0,0,0,0,0,0,0,0,0,0,0,0,0,0,0,0,0,0,0,0,0,0,0,0
43,32,3,0,0,0,8,13,10,2,0,0,2,3,4,1,0,0,2,3,2,0,0,0,0,0,0,7,23,35,45,90,74,32,0,3,32,89,7,51,52,92,237,137,173,135,116,188,255,13,166,95,149,168,230,206,176,137,117,90,106,160,191,176,71,132,4,189,136,27,74,13,220,149,135,200,152,71,0,0,0,0,0,6,16,82,240,40,129,233,244,47,253,53,194,54,205,166,116,104,116,133,28,59,154,246,3,47,28,116,194,153,190,190,77,42,56,137,187,158,35,168,14,27,147,20,74,130,189,151,152,36,0,0,0,0,0,0,0,0,0,0,0,0,0,0,0,0,0,0,0,0,0,0,0,0,0,0,0,0,0,0
42,27,0,0,0,0,6,10,11,3,0,0,0,0,0,0,0,0,2,2,3,0,0,0,0,0,0,6,17,30,54,67,60,41,11,3,76,116,99,76,77,94,120,223,161,3,105,187,199,192,113,97,164,151,152,180,190,123,163,49,66,132,219,226,64,40,37,186,178,35,103,254,165,158,99,142,143,94,0,0,0,0,0,1,31,87,5,88,18,226,24,122,26,67,213,15,136,77,118,102,160,187,117,92,131,166,155,106,193,221,48,119,229,212,240,204,109,172,195,104,128,166,5,32,140,12,6,52,136,210,111,238,0,0,0,0,0,0,0,0,0,0,0,0,0,0,0,0,0,0,0,0,0,0,0,0,0,0,0,0,0,0
55,33,0,0,0,0,0,0,0,0,0,0,0,0,0,0,0,0,0,0,0,0,0,0,0,0,0,0,8,14,38,77,120,122,69,9,73,112,99,112,90,70,57,188,158,86,95,97,130,123,186,174,149,118,38,141,114,150,213,211,83,59,115,107,139,73,45,51,36,34,120,205,175,74,83,165,178,104,0,0,0,0,0,1,35,48,73,48,30,55,122,209,112,239,52,63,210,75,77,73,168,182,130,42,69,51,55,83,209,39,31,125,124,125,8,251,172,163,224,172,132,128,40,75,158,16,13,48,152,29,222,49,0,0,0,0,0,0,0,0,0,0,0,0,0,0,0,0,0,0,0,0,0,0,0,0,0,0,0,0,0,0
75,47,0,1,2,1,0,0,0,0,0,0,0,0,0,0,0,0,0,0,0,0,0,0,0,0,0,0,0,3,21,56,110,147,125,69,81,94,73,17,92,52,71,195,215,189,133,190,192,53,90,169,160,103,84,102,126,177,144,202,99,79,134,170,119,89,114,145,45,113,242,168,135,127,111,225,232,124,0,0,0,0,0,0,30,66,124,21,110,152,210,42,29,201,139,151,81,88,39,167,178,139,85,42,61,21,149,41,7,4,14,130,72,125,226,223,158,177,170,174,37,120,47,81,169,7,9,40,111,199,177,80,0,0,0,0,0,0,0,0,0,0,0,0,0,0,0,0,0,0,0,0,0,0,0,0,0,0,0,0,0,0
91,61,0,2,2,1,0,0,0,0,0,0,1,1,0,0,1,1,0,0,0,0,0,0,0,0,0,0,0,0,0,16,55,114,111,99,72,89,83,40,41,50,130,222,22,107,78,137,178,97,166,207,171,95,99,72,103,154,166,179,89,94,79,162,156,139,3,236,127,117,219,172,101,54,155,88,62,174,2,0,0,0,0,0,7,65,88,34,92,128,201,193,242,151,207,147,107,124,111,172,160,117,141,18,240,57,127,57,61,9,31,42,40,40,136,152,128,75,31,128,97,121,206,215,130,1,10,28,53,106,72,47,0,0,0,0,0,0,0,0,0,0,0,0,0,0,0,0,0,0,0,0,0,0,0,0,0,0,0,0,0,0
124,99,30,27,26,24,21,18,16,10,4,3,11,19,24,23,25,26,29,28,25,22,12,3,0,0,0,0,0,0,0,0,6,30,39,44,29,60,72,82,10,46,90,166,5,170,33,81,136,153,191,180,160,91,111,85,51,35,83,54,48,35,55,96,98,83,186,196,182,246,165,139,78,9,157,73,97,191,254,0,0,0,0,0,0,69,93,77,76,134,160,215,131,171,136,0,65,62,61,149,21,89,124,15,34,79,244,17,10,76,45,119,134,20,83,80,145,86,38,213,255,180,148,95,61,0,37,66,111,52,25,0,0,0,0,0,0,0,0,0,0,0,0,0,0,0,0,0,0,0,0,0,0,0,0,0,0,0,0,0,0,0
145,134,63,57,50,47,46,44,38,34,23,20,29,41,49,51,50,49,48,46,39,32,20,7,0,0,0,0,0,0,0,0,0,0,0,5,22,51,68,55,84,175,109,94,151,5,176,145,100,82,202,44,29,105,149,188,176,99,176,193,158,69,155,177,134,96,205,222,196,141,205,201,178,46,128,210,67,199,35,0,0,0,0,0,0,40,51,73,109,81,51,166,121,132,112,76,80,19,67,138,97,114,106,104,79,95,60,216,29,62,109,16,237,125,189,146,158,154,139,85,27,178,141,72,0,6,11,119,95,40,36,0,0,0,0,0,0,0,0,0,0,0,0,0,0,0,0,0,0,0,0,0,0,0,0,0,0,0,0,0,0,0
125,127,66,60,53,50,49,49,56,51,38,27,29,41,50,52,51,48,46,44,37,31,20,9,0,0,0,0,0,0,0,0,0,0,0,0,0,0,13,17,121,208,253,141,109,9,7,241,183,116,170,224,214,114,137,165,182,118,203,235,206,101,139,170,182,126,163,175,190,115,154,186,207,122,94,96,198,149,71,0,0,0,0,0,0,13,18,85,64,76,107,134,143,201,114,200,168,122,157,107,228,214,205,172,61,111,104,81,126,99,150,8,224,170,148,135,180,159,146,60,118,241,205,125,0,81,201,171,62,43,4,0,0,0,0,0,0,0,0,0,0,0,0,0,0,0,0,0,0,0,0,0,0,0,0,0,0,0,0,0,0,0
79,76,30,28,24,23,22,28,37,40,31,21,18,20,21,23,22,20,15,13,9,6,3,3,0,0,0,0,0,0,0,0,0,0,0,0,221,226,222,239,53,166,226,178,55,165,219,155,240,164,122,168,162,120,84,128,142,118,126,196,205,129,204,101,78,180,92,179,192,145,95,164,212,168,64,71,170,177,103,0,0,0,0,0,0,0,231,54,53,185,165,147,170,184,144,107,122,201,200,167,227,243,42,196,136,83,68,167,179,175,194,151,130,100,102,133,150,128,150,32,86,253,10,102,8,88,226,161,34,16,5,0,0,0,0,0,0,0,0,0,0,0,0,0,0,0,0,0,0,0,0,0,0,0,0,0,0,0,0,0,0,0
50,35,0,0,1,1,1,4,10,16,11,4,0,0,0,0,0,0,0,0,0,0,0,0,0,0,0,0,1,223,224,246,248,9,9,10,21,14,221,242,3,25,46,155,23,128,168,68,220,17,108,123,53,21,34,63,39,25,38,82,17,188,197,37,23,193,29,116,19,146,77,106,110,90,47,82,107,133,91,242,0,0,0,220,226,219,18,252,36,194,92,125,169,97,153,184,73,110,254,202,8,71,38,190,194,98,105,136,131,172,184,55,32,50,41,57,65,69,71,36,87,122,203,172,28,52,131,149,47,14,0,0,0,0,0,0,0,0,0,0,0,0,0,0,0,0,0,0,0,0,0,0,0,0,0,0,0,0,0,0,0,0
55,36,0,0,0,0,0,0,0,0,0,0,0,0,0,0,0,0,0,0,0,0,0,0,0,0,0,3,10,59,45,205,220,16,19,23,133,137,49,66,75,18,197,23,134,204,212,128,152,139,29,43,17,13,20,58,51,62,62,66,231,174,197,199,131,125,9,103,26,165,88,84,78,75,73,43,149,159,9,168,212,210,210,255,247,206,25,210,38,163,112,154,201,76,112,142,47,50,173,109,198,253,208,103,113,54,59,63,99,132,121,47,37,37,47,47,58,69,74,74,76,149,180,143,63,23,24,24,16,0,0,0,0,0,0,0,0,0,0,0,0,0,0,0,0,0,0,0,0,0,0,0,0,0,0,0,0,0,0,0,0,0
75,46,0,0,0,0,0,0,0,0,0,0,0,1,2,1,0,0,1,1,0,0,0,0,0,0,0,3,9,80,95,16,255,16,20,23,88,106,107,100,42,51,253,232,218,213,211,225,254,135,249,217,216,217,220,172,183,228,230,232,13,201,168,97,208,10,144,238,176,83,247,248,250,250,251,29,130,135,71,207,217,201,199,6,23,17,28,240,186,21,144,223,221,156,78,61,147,163,114,28,113,133,128,28,29,26,23,24,22,19,22,23,20,20,22,33,44,51,56,63,53,194,114,38,43,25,5,0,0,0,0,0,0,0,0,0,0,0,0,0,0,0,0,0,0,0,0,0,0,0,0,0,0,0,0,0,0,0,0,0,0,0
102,64,0,0,0,0,0,0,0,0,0,0,0,1,2,2,1,0,1,1,1,0,0,0,0,0,221,4,248,12,232,230,213,212,216,218,219,220,76,82,25,28,38,42,30,27,22,44,249,38,61,51,56,55,55,249,231,241,238,234,36,53,64,74,248,227,226,226,226,222,221,218,214,249,252,83,57,78,123,138,88,42,22,22,27,30,36,43,30,10,28,32,33,35,36,35,39,40,248,4,49,47,43,39,38,33,28,26,24,21,22,27,27,27,28,32,37,45,51,52,58,139,92,41,12,0,0,0,0,0,0,0,0,0,0,0,0,0,0,0,0,0,0,0,0,0,0,0,0,0,0,0,0,0,0,0,0,0,0,0,0,0
88,46,243,242,0,0,0,0,0,0,0,0,0,1,2,2,1,1,5,7,8,7,6,5,5,6,15,248,198,223,15,243,195,194,193,192,194,200,11,35,26,28,34,40,44,42,38,45,52,55,52,50,48,50,49,48,46,44,40,39,38,37,39,39,37,35,37,35,34,33,29,24,22,13,32,98,40,27,40,107,172,149,101,105,108,109,112,114,68,79,125,126,126,127,125,126,129,131,66,45,56,56,51,54,55,51,48,47,45,42,37,42,44,43,42,46,46,47,52,52,46,35,20,9,3,0,0,0,0,0,0,0,0,0,0,0,0,0,0,0,0,0,0,0,0,0,0,0,0,0,0,0,0,0,0,0,0,0,0,0,0,0
148,91,147,159,207,243,208,227,250,249,8,9,10,9,10,11,10,11,15,18,19,16,13,11,10,10,120,231,171,8,57,24,10,7,5,6,9,14,20,29,36,42,46,51,53,51,51,56,59,57,55,50,43,42,42,40,39,37,36,36,31,28,30,34,33,34,36,38,35,34,28,62,59,218,216,25,33,38,45,52,119,134,123,128,129,129,131,133,69,52,60,55,52,48,48,47,46,46,44,42,37,31,31,38,48,47,45,46,51,48,42,39,39,38,37,36,29,27,22,19,15,9,6,2,0,0,0,0,0,0,0,0,0,0,0,0,0,0,0,0,0,0,0,0,0,0,0,0,0,0,0,0,0,0,0,0,0,0,0,0,0,0
217,175,200,189,201,192,254,52,216,227,18,20,20,19,16,16,17,17,21,26,26,25,22,20,23,23,87,85,42,70,47,33,18,11,10,11,13,18,25,29,34,42,46,47,49,49,47,50,48,49,46,42,41,38,38,34,36,36,35,37,36,34,36,39,75,75,90,91,88,86,87,36,49,31,14,29,35,39,39,42,42,41,39,40,41,42,44,45,45,46,42,39,36,35,37,36,37,36,37,35,33,29,27,33,44,49,48,46,47,47,41,33,27,27,24,18,9,4,2,2,1,1,2,1,1,0,0,0,0,0,0,0,0,0,0,0,0,0,0,0,0,0,0,0,0,0,0,0,0,0,0,0,0,0,0,0,0,0,0,0,0,0
222,219,46,67,68,212,20,100,28,7,18,20,23,21,19,21,20,21,24,27,31,29,30,31,33,37,38,102,119,105,147,125,73,33,68,52,66,70,39,78,28,46,40,39,37,41,36,37,75,74,88,89,89,90,93,90,89,87,88,88,92,91,94,101,55,70,117,118,117,115,114,47,27,34,30,27,24,22,22,23,22,21,22,24,23,24,26,27,29,29,31,33,33,33,34,37,39,37,41,44,43,34,24,19,25,27,25,20,20,22,20,15,10,8,9,7,4,0,0,0,0,0,1,1,1,0,0,0,0,0,0,0,0,0,0,0,0,0,0,0,0,0,0,0,0,0,0,0,0,0,0,0,0,0,0,0,0,0,0,0,0,0
5,174,29,81,83,18,2,15,15,12,9,11,14,15,14,12,14,17,20,23,23,28,33,36,40,45,45,48,48,49,109,117,98,141,83,45,90,91,142,83,94,131,85,86,85,88,89,90,48,68,117,123,127,127,129,127,128,124,125,124,129,128,132,134,70,51,61,60,59,56,55,52,46,42,37,32,28,22,17,17,19,26,32,37,37,37,36,35,35,33,33,33,31,29,30,31,32,34,37,39,39,31,22,14,11,10,10,7,6,5,5,2,1,1,2,2,1,0,0,0,0,0,0,0,0,0,0,0,0,0,0,0,0,0,0,0,0,0,0,0,0,0,0,0,0,0,0,0,0,0,0,0,0,0,0,0,0,0,0,0,0,0
175,87,203,214,249,246,1,0,0,0,2,4,5,6,8,9,10,12,15,16,18,20,23,27,29,30,33,30,34,38,40,36,31,94,48,21,29,30,99,54,91,118,109,114,117,118,123,124,65,53,67,71,72,74,76,77,77,75,70,71,70,69,69,70,67,64,62,61,57,54,52,54,53,56,53,50,45,39,33,28,29,36,40,45,45,46,41,35,35,33,31,30,29,24,24,28,26,23,25,27,27,22,13,7,6,8,6,3,2,2,2,0,0,0,0,0,0,0,0,0,0,0,0,0,0,0,0,0,0,0,0,0,0,0,0,0,0,0,0,0,0,0,0,0,0,0,0,0,0,0,0,0,0,0,0,0,0,0,0,0,0,0
154,96,191,191,182,194,1,2,3,4,4,3,6,6,5,5,5,7,7,7,6,6,8,10,11,11,11,12,15,19,28,29,29,29,30,34,35,37,44,51,54,56,58,59,60,60,62,63,63,64,68,69,70,70,70,72,71,66,62,63,58,56,54,55,53,47,48,50,46,42,42,42,47,48,47,51,54,54,42,30,24,26,30,29,31,30,27,23,21,23,22,21,19,17,17,18,15,12,11,12,11,8,7,4,4,5,4,4,2,0,0,0,0,0,0,0,0,0,0,0,0,0,0,0,0,0,0,0,0,0,0,0,0,0,0,0,0,0,0,0,0,0,0,0,0,0,0,0,0,0,0,0,0,0,0,0,0,0,0,0,0,0
221,178,9,9,191,189,8,10,10,8,8,8,8,7,6,6,7,7,6,5,4,2,1,2,4,7,8,10,14,21,28,34,38,38,40,43,44,46,52,56,59,61,61,57,57,55,51,48,45,46,46,42,39,39,41,42,40,36,32,30,32,30,28,29,29,28,30,33,33,26,22,21,25,27,26,31,41,49,40,26,18,15,13,13,11,13,14,10,9,8,9,8,6,5,4,7,5,4,1,3,4,2,1,0,1,3,3,1,0,0,0,0,0,0,0,0,0,0,1,1,0,0,0,0,0,0,0,0,0,0,0,0,0,0,0,0,0,0,0,0,0,0,0,0,0,0,0,0,0,0,0,0,0,0,0,0,0,0,0,0,0,0
7,225,68,69,215,210,16,18,17,17,14,11,12,14,11,7,10,13,12,13,15,14,14,13,16,21,25,29,33,38,41,47,50,51,49,50,49,46,43,46,45,43,42,37,33,26,26,20,19,19,17,19,15,15,17,17,14,10,8,8,11,10,12,15,16,16,18,20,15,12,7,8,8,9,8,11,21,27,24,18,11,7,4,5,6,6,6,4,1,0,1,1,1,0,0,1,2,3,1,1,1,1,0,1,1,0,0,0,0,0,0,0,0,0,0,0,0,0,1,1,1,0,0,0,0,0,0,0,0,0,0,0,0,0,0,0,0,0,0,0,0,0,0,0,0,0,0,0,0,0,0,0,0,0,0,0,0,0,0,0,0,0
215,194,88,88,22,7,21,21,19,16,16,15,14,13,13,10,11,16,16,20,27,27,23,22,28,33,39,41,44,46,43,42,45,46,43,40,35,30,24,22,19,17,18,15,10,9,7,7,7,6,5,5,4,5,7,9,7,4,2,2,3,4,6,8,7,8,9,9,7,5,2,1,2,3,3,4,8,10,10,8,7,4,1,1,1,3,2,3,0,0,1,1,1,0,0,1,2,2,2,2,1,1,0,2,2,1,0,0,0,0,0,0,0,0,0,0,0,0,1,1,1,0,0,0,0,0,0,0,0,0,0,0,0,0,0,0,0,0,0,0,0,0,0,0,0,0,0,0,0,0,0,0,0,0,0,0,0,0,0,0,0,0
144,106,13,14,14,13,14,18,17,15,17,18,18,21,20,21,23,27,28,25,30,34,31,28,25,28,31,33,33,30,30,25,22,22,19,18,15,11,8,6,6,3,3,5,5,4,3,3,3,3,2,1,2,4,3,4,4,3,0,1,2,2,2,3,4,3,3,3,1,0,0,0,1,1,1,2,4,4,2,2,4,3,1,1,1,1,0,0,0,0,0,0,0,0,0,1,2,3,2,1,0,0,0,3,4,3,0,0,0,0,0,0,0,0,0,0,0,0,0,0,0,0,0,0,0,0,0,0,0,0,0,0,0,0,0,0,0,0,0,0,0,0,0,0,0,0,0,0,0,0,0,0,0,1,1,0,0,0,0,0,0,0
189,186,105,104,103,104,107,108,105,103,104,106,104,100,101,102,104,108,109,108,102,99,94,87,82,78,77,74,72,72,73,70,66,62,59,58,58,58,55,55,54,51,53,54,53,52,50,51,51,49,45,44,46,50,49,48,47,47,42,38,39,39,39,38,39,39,40,39,38,37,37,36,36,35,33,34,36,35,34,34,33,33,31,32,32,32,33,34,35,33,33,31,31,31,29,31,30,29,29,30,29,29,28,32,34,34,31,32,32,31,30,30,30,29,29,29,29,30,32,33,34,34,35,35,37,37,37,38,39,37,35,35,35,33,33,34,36,40,43,43,40,38,38,36,35,40,41,36,35,36,38,38,40,43,45,43,39,38,41,43,32,13
146,177,124,122,120,120,122,122,121,118,119,120,118,115,113,112,114,116,120,118,110,105,99,95,86,80,78,74,73,75,76,77,74,69,66,66,68,66,65,65,64,64,65,66,64,63,62,61,59,57,53,52,54,57,57,54,55,55,51,47,47,47,46,46,47,48,48,47,46,46,46,45,44,43,41,39,42,42,41,41,41,39,38,38,39,39,40,42,42,41,38,37,37,36,37,36,36,35,35,36,36,35,35,36,39,39,38,38,38,37,36,36,36,36,36,36,36,37,38,40,42,41,42,43,45,46,46,46,47,46,43,42,42,41,39,41,44,48,51,52,49,47,46,44,43,47,50,45,42,44,47,47,48,52,54,52,48,47,49,52,40,19
END_OUTPUT_CSV
========================================
 CNN AXI DMA Hardware Test Complete
========================================
